9 0 30
9 1 31
10 0 31
10 1 32
11 0 32
11 1 33
12 0 33
12 1 34
13 0 34
13 1 35
9 1 37
9 2 38
10 1 40
10 2 41
11 1 43
11 2 44
12 1 46
12 2 47
13 1 49
13 2 50
9 2 58
9 3 59
10 2 67
10 3 68
11 2 76
11 3 77
12 2 76
12 1 77
13 2 76
13 1 77
12 1 79
12 2 80
9 3 79
9 2 80
13 1 82
13 2 83
9 2 91
9 3 92
10 3 91
10 2 92
12 2 100
12 3 101
11 3 100
11 2 101
13 2 109
13 3 110
10 2 118
10 3 119
9 3 118
9 2 119
11 2 127
11 3 128
12 3 127
12 2 128
13 3 135
13 2 136
12 2 144
12 3 145
10 3 144
10 2 145
13 2 153
13 3 154
11 3 153
11 2 154
12 3 167
12 2 168